{
 "cells": [
  {
   "cell_type": "markdown",
   "metadata": {},
   "source": [
    "## RELU"
   ]
  },
  {
   "cell_type": "code",
   "execution_count": 1,
   "metadata": {},
   "outputs": [],
   "source": [
    "inputs = [0, 2, -1, 3.3, -2.7, 1.1, 2.2, -100]\n",
    "outputs = []"
   ]
  },
  {
   "cell_type": "code",
   "execution_count": 2,
   "metadata": {},
   "outputs": [],
   "source": [
    "for i in inputs:\n",
    "    if i>0:\n",
    "        outputs.append(i)\n",
    "    elif i<=0:\n",
    "        outputs.append(0)"
   ]
  },
  {
   "cell_type": "code",
   "execution_count": 3,
   "metadata": {},
   "outputs": [
    {
     "data": {
      "text/plain": [
       "[0, 2, 0, 3.3, 0, 1.1, 2.2, 0]"
      ]
     },
     "execution_count": 3,
     "metadata": {},
     "output_type": "execute_result"
    }
   ],
   "source": [
    "outputs"
   ]
  },
  {
   "cell_type": "code",
   "execution_count": 4,
   "metadata": {},
   "outputs": [],
   "source": [
    "outputs=[]\n",
    "for i in inputs:\n",
    "    outputs.append(max(i,0))"
   ]
  },
  {
   "cell_type": "code",
   "execution_count": 5,
   "metadata": {},
   "outputs": [
    {
     "data": {
      "text/plain": [
       "[0, 2, 0, 3.3, 0, 1.1, 2.2, 0]"
      ]
     },
     "execution_count": 5,
     "metadata": {},
     "output_type": "execute_result"
    }
   ],
   "source": [
    "outputs"
   ]
  },
  {
   "cell_type": "markdown",
   "metadata": {},
   "source": [
    "### Implementation as CLASS"
   ]
  },
  {
   "cell_type": "code",
   "execution_count": 6,
   "metadata": {},
   "outputs": [],
   "source": [
    "import numpy as np"
   ]
  },
  {
   "cell_type": "code",
   "execution_count": 7,
   "metadata": {},
   "outputs": [],
   "source": [
    "inputs = [[1,2,3,2.5],\n",
    "         [2.0,5.0,1.0,2.0],\n",
    "         [-1.5,2.7,3.3,-0.8]]"
   ]
  },
  {
   "cell_type": "code",
   "execution_count": 8,
   "metadata": {},
   "outputs": [],
   "source": [
    "class DenseLayer:\n",
    "    def __init__(self,n_inputs,n_neurons):\n",
    "        self.weights = 0.10 * np.random.randn(n_inputs,n_neurons)\n",
    "        self.biases = np.zeros((1,n_neurons))\n",
    "    def forward(self,inputs):\n",
    "        self.output = np.dot(inputs,self.weights)+self.biases"
   ]
  },
  {
   "cell_type": "code",
   "execution_count": 9,
   "metadata": {},
   "outputs": [],
   "source": [
    "class Activation_Relu:\n",
    "    def forward(self,inputs):\n",
    "        self.output = np.maximum(inputs,0) "
   ]
  },
  {
   "cell_type": "markdown",
   "metadata": {},
   "source": [
    "#### Creation of Data"
   ]
  },
  {
   "cell_type": "code",
   "execution_count": 10,
   "metadata": {},
   "outputs": [],
   "source": [
    "np.random.seed(17)\n",
    "\n",
    "def create_data(points, classes):\n",
    "    X = np.zeros((points*classes, 2))\n",
    "    y = np.zeros(points*classes, dtype='uint8')\n",
    "    for class_number in range(classes):\n",
    "        ix = range(points*class_number, points*(class_number+1))\n",
    "        r = np.linspace(0.0,1,points) #Radius\n",
    "        t = np.linspace(class_number*4,(class_number+1)*4, points) + np.random.randn(points)*0.2\n",
    "        X[ix] = np.c_[r*np.sin(t*2.5),r*np.cos(t*2.5)]\n",
    "        y[ix] = class_number\n",
    "    return X,y"
   ]
  },
  {
   "cell_type": "code",
   "execution_count": 11,
   "metadata": {},
   "outputs": [],
   "source": [
    "X,y = create_data(100,3)"
   ]
  },
  {
   "cell_type": "code",
   "execution_count": 12,
   "metadata": {},
   "outputs": [],
   "source": [
    "layer1 = DenseLayer(2,50)\n",
    "activation1 = Activation_Relu()"
   ]
  },
  {
   "cell_type": "code",
   "execution_count": 13,
   "metadata": {},
   "outputs": [],
   "source": [
    "layer1.forward(X)"
   ]
  },
  {
   "cell_type": "code",
   "execution_count": 14,
   "metadata": {},
   "outputs": [
    {
     "data": {
      "text/plain": [
       "array([[ 0.00000000e+00,  0.00000000e+00,  0.00000000e+00, ...,\n",
       "         0.00000000e+00,  0.00000000e+00,  0.00000000e+00],\n",
       "       [-1.19632196e-03,  6.53010092e-05, -7.00933711e-04, ...,\n",
       "        -4.57213406e-04,  2.87223625e-04, -1.39697708e-03],\n",
       "       [-6.24568863e-04, -1.10321054e-04, -1.93800264e-03, ...,\n",
       "         8.39722600e-04,  3.30289031e-04, -2.49799220e-03],\n",
       "       ...,\n",
       "       [-4.13224341e-02,  8.88955373e-03,  4.80055725e-02, ...,\n",
       "        -6.53327441e-02,  1.63682403e-03,  3.29948438e-02],\n",
       "       [ 5.95904082e-02,  3.12796478e-03,  1.04373957e-01, ...,\n",
       "        -2.48742117e-02, -2.22749432e-02,  1.47731467e-01],\n",
       "       [-9.05488583e-02,  9.48909394e-03, -3.56055220e-03, ...,\n",
       "        -6.85577516e-02,  1.60622939e-02, -5.00540505e-02]])"
      ]
     },
     "execution_count": 14,
     "metadata": {},
     "output_type": "execute_result"
    }
   ],
   "source": [
    "layer1.output"
   ]
  },
  {
   "cell_type": "code",
   "execution_count": 15,
   "metadata": {},
   "outputs": [],
   "source": [
    "activation1.forward(layer1.output)"
   ]
  },
  {
   "cell_type": "code",
   "execution_count": 16,
   "metadata": {},
   "outputs": [
    {
     "data": {
      "text/plain": [
       "array([[0.00000000e+00, 0.00000000e+00, 0.00000000e+00, ...,\n",
       "        0.00000000e+00, 0.00000000e+00, 0.00000000e+00],\n",
       "       [0.00000000e+00, 6.53010092e-05, 0.00000000e+00, ...,\n",
       "        0.00000000e+00, 2.87223625e-04, 0.00000000e+00],\n",
       "       [0.00000000e+00, 0.00000000e+00, 0.00000000e+00, ...,\n",
       "        8.39722600e-04, 3.30289031e-04, 0.00000000e+00],\n",
       "       ...,\n",
       "       [0.00000000e+00, 8.88955373e-03, 4.80055725e-02, ...,\n",
       "        0.00000000e+00, 1.63682403e-03, 3.29948438e-02],\n",
       "       [5.95904082e-02, 3.12796478e-03, 1.04373957e-01, ...,\n",
       "        0.00000000e+00, 0.00000000e+00, 1.47731467e-01],\n",
       "       [0.00000000e+00, 9.48909394e-03, 0.00000000e+00, ...,\n",
       "        0.00000000e+00, 1.60622939e-02, 0.00000000e+00]])"
      ]
     },
     "execution_count": 16,
     "metadata": {},
     "output_type": "execute_result"
    }
   ],
   "source": [
    "activation1.output"
   ]
  },
  {
   "cell_type": "markdown",
   "metadata": {},
   "source": [
    "## Softmax (Exponentiation + Normalization)"
   ]
  },
  {
   "cell_type": "code",
   "execution_count": 17,
   "metadata": {},
   "outputs": [],
   "source": [
    "layer_outputs = [4.8,1.21,2.385]"
   ]
  },
  {
   "cell_type": "code",
   "execution_count": 18,
   "metadata": {},
   "outputs": [],
   "source": [
    "import math\n",
    "E = math.e"
   ]
  },
  {
   "cell_type": "code",
   "execution_count": 20,
   "metadata": {},
   "outputs": [],
   "source": [
    "#Exponentiation\n",
    "exp_values = []\n",
    "for output in layer_outputs:\n",
    "    exp_values.append((E**output))"
   ]
  },
  {
   "cell_type": "code",
   "execution_count": 21,
   "metadata": {},
   "outputs": [
    {
     "data": {
      "text/plain": [
       "[121.51041751873483, 3.353484652549023, 10.859062664920513]"
      ]
     },
     "execution_count": 21,
     "metadata": {},
     "output_type": "execute_result"
    }
   ],
   "source": [
    "exp_values"
   ]
  },
  {
   "cell_type": "code",
   "execution_count": 23,
   "metadata": {},
   "outputs": [],
   "source": [
    "#Normalization\n",
    "norm_base = sum(exp_values)\n",
    "norm_values = []\n",
    "for value in exp_values:\n",
    "    norm_values.append(value/norm_base)"
   ]
  },
  {
   "cell_type": "code",
   "execution_count": 24,
   "metadata": {},
   "outputs": [
    {
     "data": {
      "text/plain": [
       "[0.8952826639572619, 0.024708306782099374, 0.0800090292606387]"
      ]
     },
     "execution_count": 24,
     "metadata": {},
     "output_type": "execute_result"
    }
   ],
   "source": [
    "norm_values"
   ]
  },
  {
   "cell_type": "code",
   "execution_count": 25,
   "metadata": {},
   "outputs": [
    {
     "data": {
      "text/plain": [
       "0.9999999999999999"
      ]
     },
     "execution_count": 25,
     "metadata": {},
     "output_type": "execute_result"
    }
   ],
   "source": [
    "sum(norm_values)"
   ]
  },
  {
   "cell_type": "markdown",
   "metadata": {},
   "source": [
    "### With Numpy"
   ]
  },
  {
   "cell_type": "code",
   "execution_count": 26,
   "metadata": {},
   "outputs": [
    {
     "data": {
      "text/plain": [
       "array([0.89528266, 0.02470831, 0.08000903])"
      ]
     },
     "execution_count": 26,
     "metadata": {},
     "output_type": "execute_result"
    }
   ],
   "source": [
    "exp_values = np.exp(layer_outputs)\n",
    "norm_values = exp_values / np.sum(exp_values)\n",
    "norm_values"
   ]
  },
  {
   "cell_type": "code",
   "execution_count": 27,
   "metadata": {},
   "outputs": [
    {
     "data": {
      "text/plain": [
       "0.9999999999999999"
      ]
     },
     "execution_count": 27,
     "metadata": {},
     "output_type": "execute_result"
    }
   ],
   "source": [
    "np.sum(norm_values)"
   ]
  },
  {
   "cell_type": "markdown",
   "metadata": {},
   "source": [
    "### As Batch"
   ]
  },
  {
   "cell_type": "code",
   "execution_count": 28,
   "metadata": {},
   "outputs": [],
   "source": [
    "layer_outputs = [[4.8,1.21,2.385],\n",
    "                [8.9,-1.81,0.2],\n",
    "                [1.41,1.051,0.026]]"
   ]
  },
  {
   "cell_type": "code",
   "execution_count": 31,
   "metadata": {},
   "outputs": [],
   "source": [
    "exp_values = np.exp(layer_outputs)"
   ]
  },
  {
   "cell_type": "code",
   "execution_count": 32,
   "metadata": {},
   "outputs": [
    {
     "data": {
      "text/plain": [
       "7477.06436743819"
      ]
     },
     "execution_count": 32,
     "metadata": {},
     "output_type": "execute_result"
    }
   ],
   "source": [
    "np.sum(exp_values)"
   ]
  },
  {
   "cell_type": "code",
   "execution_count": 35,
   "metadata": {},
   "outputs": [
    {
     "data": {
      "text/plain": [
       "array([[7.45757991e+03, 6.37764899e+00, 1.31068064e+01]])"
      ]
     },
     "execution_count": 35,
     "metadata": {},
     "output_type": "execute_result"
    }
   ],
   "source": [
    "np.sum(exp_values,axis=0,keepdims=True) #Sum of columns"
   ]
  },
  {
   "cell_type": "code",
   "execution_count": 36,
   "metadata": {},
   "outputs": [
    {
     "data": {
      "text/plain": [
       "array([[ 135.72296484],\n",
       "       [7333.35859605],\n",
       "       [   7.98280655]])"
      ]
     },
     "execution_count": 36,
     "metadata": {},
     "output_type": "execute_result"
    }
   ],
   "source": [
    "np.sum(exp_values,axis=1,keepdims=True) #Sum of rows"
   ]
  },
  {
   "cell_type": "code",
   "execution_count": 37,
   "metadata": {},
   "outputs": [
    {
     "data": {
      "text/plain": [
       "array([[8.95282664e-01, 2.47083068e-02, 8.00090293e-02],\n",
       "       [9.99811129e-01, 2.23163963e-05, 1.66554348e-04],\n",
       "       [5.13097164e-01, 3.58333899e-01, 1.28568936e-01]])"
      ]
     },
     "execution_count": 37,
     "metadata": {},
     "output_type": "execute_result"
    }
   ],
   "source": [
    "norm_values = exp_values / np.sum(exp_values,axis=1,keepdims=True)\n",
    "norm_values"
   ]
  },
  {
   "cell_type": "code",
   "execution_count": 39,
   "metadata": {},
   "outputs": [
    {
     "data": {
      "text/plain": [
       "array([[1.],\n",
       "       [1.],\n",
       "       [1.]])"
      ]
     },
     "execution_count": 39,
     "metadata": {},
     "output_type": "execute_result"
    }
   ],
   "source": [
    "np.sum(norm_values,axis=1,keepdims=True)"
   ]
  },
  {
   "cell_type": "markdown",
   "metadata": {},
   "source": [
    "### Exponential Overflow"
   ]
  },
  {
   "cell_type": "code",
   "execution_count": 40,
   "metadata": {},
   "outputs": [
    {
     "name": "stderr",
     "output_type": "stream",
     "text": [
      "C:\\ProgramData\\Anaconda3\\lib\\site-packages\\ipykernel_launcher.py:1: RuntimeWarning: overflow encountered in exp\n",
      "  \"\"\"Entry point for launching an IPython kernel.\n"
     ]
    },
    {
     "data": {
      "text/plain": [
       "inf"
      ]
     },
     "execution_count": 40,
     "metadata": {},
     "output_type": "execute_result"
    }
   ],
   "source": [
    "np.exp(1000)"
   ]
  },
  {
   "cell_type": "markdown",
   "metadata": {},
   "source": [
    "* To prevent overflow during exponentiation v = u - max(u)\n",
    "* Input will be from -inf to 0\n",
    "* which makes range of possibilities after exponentiation between 0 and 1"
   ]
  },
  {
   "cell_type": "code",
   "execution_count": 46,
   "metadata": {},
   "outputs": [],
   "source": [
    "layer_outputs = [[4.8,1.21,2.385],\n",
    "                [8.9,-1.81,0.2],\n",
    "                [1.41,1.051,0.026]]"
   ]
  },
  {
   "cell_type": "code",
   "execution_count": 47,
   "metadata": {},
   "outputs": [],
   "source": [
    "max_values = np.max(layer_outputs,axis=1,keepdims=True)"
   ]
  },
  {
   "cell_type": "code",
   "execution_count": 48,
   "metadata": {},
   "outputs": [],
   "source": [
    "layer_outputs -= max_values"
   ]
  },
  {
   "cell_type": "code",
   "execution_count": 49,
   "metadata": {},
   "outputs": [
    {
     "data": {
      "text/plain": [
       "array([[  0.   ,  -3.59 ,  -2.415],\n",
       "       [  0.   , -10.71 ,  -8.7  ],\n",
       "       [  0.   ,  -0.359,  -1.384]])"
      ]
     },
     "execution_count": 49,
     "metadata": {},
     "output_type": "execute_result"
    }
   ],
   "source": [
    "layer_outputs"
   ]
  },
  {
   "cell_type": "code",
   "execution_count": 51,
   "metadata": {},
   "outputs": [
    {
     "data": {
      "text/plain": [
       "array([[1.00000000e+00, 2.75983304e-02, 8.93673389e-02],\n",
       "       [1.00000000e+00, 2.23206120e-05, 1.66585811e-04],\n",
       "       [1.00000000e+00, 6.98374351e-01, 2.50574249e-01]])"
      ]
     },
     "execution_count": 51,
     "metadata": {},
     "output_type": "execute_result"
    }
   ],
   "source": [
    "exp_values = np.exp(layer_outputs)\n",
    "exp_values"
   ]
  },
  {
   "cell_type": "code",
   "execution_count": 52,
   "metadata": {},
   "outputs": [
    {
     "data": {
      "text/plain": [
       "array([[8.95282664e-01, 2.47083068e-02, 8.00090293e-02],\n",
       "       [9.99811129e-01, 2.23163963e-05, 1.66554348e-04],\n",
       "       [5.13097164e-01, 3.58333899e-01, 1.28568936e-01]])"
      ]
     },
     "execution_count": 52,
     "metadata": {},
     "output_type": "execute_result"
    }
   ],
   "source": [
    "norm_values = exp_values / np.sum(exp_values,axis=1,keepdims=True)\n",
    "norm_values"
   ]
  },
  {
   "cell_type": "code",
   "execution_count": 53,
   "metadata": {},
   "outputs": [
    {
     "data": {
      "text/plain": [
       "array([[1.],\n",
       "       [1.],\n",
       "       [1.]])"
      ]
     },
     "execution_count": 53,
     "metadata": {},
     "output_type": "execute_result"
    }
   ],
   "source": [
    "np.sum(norm_values,axis=1,keepdims=True)"
   ]
  },
  {
   "cell_type": "code",
   "execution_count": 54,
   "metadata": {},
   "outputs": [],
   "source": [
    "class Activation_Softmax:\n",
    "    def forward(self,inputs):\n",
    "        exp_values = np.exp(inputs-np.max(inputs,axis=1,keepdims=True))\n",
    "        norm_values = exp_values / np.sum(exp_values,axis=1,keepdims=True)\n",
    "        self.output = norm_values"
   ]
  },
  {
   "cell_type": "code",
   "execution_count": 55,
   "metadata": {},
   "outputs": [],
   "source": [
    "X,y = create_data(100,3)"
   ]
  },
  {
   "cell_type": "code",
   "execution_count": 57,
   "metadata": {},
   "outputs": [],
   "source": [
    "layer1 = DenseLayer(2,3)\n",
    "activation1 = Activation_Relu()\n",
    "layer2 = DenseLayer(3,3)\n",
    "activation2 = Activation_Softmax()"
   ]
  },
  {
   "cell_type": "code",
   "execution_count": 58,
   "metadata": {},
   "outputs": [],
   "source": [
    "layer1.forward(X)\n",
    "activation1.forward(layer1.output)\n",
    "\n",
    "layer2.forward(activation1.output)\n",
    "activation2.forward(layer2.output)"
   ]
  },
  {
   "cell_type": "code",
   "execution_count": 59,
   "metadata": {},
   "outputs": [
    {
     "data": {
      "text/plain": [
       "array([[0.33333333, 0.33333333, 0.33333333],\n",
       "       [0.33333699, 0.33332428, 0.33333873],\n",
       "       [0.33333333, 0.33333333, 0.33333333],\n",
       "       [0.33335244, 0.33328699, 0.33336057],\n",
       "       [0.33335426, 0.33328151, 0.33336423],\n",
       "       [0.33334197, 0.33331196, 0.33334607],\n",
       "       [0.33334097, 0.33331442, 0.3333446 ],\n",
       "       [0.33336737, 0.33324907, 0.33338357],\n",
       "       [0.3333617 , 0.33326311, 0.3333752 ],\n",
       "       [0.33340215, 0.33317193, 0.33342591],\n",
       "       [0.33347094, 0.33304304, 0.33348602],\n",
       "       [0.33336799, 0.33324753, 0.33338449],\n",
       "       [0.33344213, 0.33308546, 0.33347241],\n",
       "       [0.33356955, 0.33296819, 0.33346226],\n",
       "       [0.33370911, 0.33302541, 0.33326548],\n",
       "       [0.33353458, 0.33290592, 0.3335595 ],\n",
       "       [0.33350001, 0.33296219, 0.3335378 ],\n",
       "       [0.33357986, 0.33282637, 0.33359378],\n",
       "       [0.33353117, 0.33289673, 0.33357209],\n",
       "       [0.3335585 , 0.33284288, 0.33359862],\n",
       "       [0.33399079, 0.33303385, 0.33297536],\n",
       "       [0.33377956, 0.33278135, 0.33343909],\n",
       "       [0.33397204, 0.33289704, 0.33313092],\n",
       "       [0.3336523 , 0.33266205, 0.33368565],\n",
       "       [0.33386107, 0.33271416, 0.33342478],\n",
       "       [0.3339169 , 0.33271203, 0.33337107],\n",
       "       [0.3338313 , 0.33261721, 0.33355149],\n",
       "       [0.33433524, 0.33317355, 0.33249121],\n",
       "       [0.33436114, 0.33313173, 0.33250712],\n",
       "       [0.33416351, 0.3327457 , 0.33309079],\n",
       "       [0.33451851, 0.33348068, 0.33200081],\n",
       "       [0.33447323, 0.33311569, 0.33241108],\n",
       "       [0.33433699, 0.33278612, 0.33287688],\n",
       "       [0.33458787, 0.33323195, 0.33218018],\n",
       "       [0.33468161, 0.33348597, 0.33183242],\n",
       "       [0.33471424, 0.3335097 , 0.33177606],\n",
       "       [0.33476845, 0.33346635, 0.3317652 ],\n",
       "       [0.33442825, 0.33378717, 0.33178458],\n",
       "       [0.33452046, 0.33380139, 0.33167815],\n",
       "       [0.33484799, 0.3332616 , 0.3318904 ],\n",
       "       [0.33492881, 0.33347674, 0.33159445],\n",
       "       [0.33333333, 0.33333333, 0.33333333],\n",
       "       [0.33337478, 0.33335057, 0.33327466],\n",
       "       [0.33501723, 0.33357733, 0.33140545],\n",
       "       [0.33333333, 0.33333333, 0.33333333],\n",
       "       [0.33460757, 0.3338612 , 0.33153123],\n",
       "       [0.33442177, 0.33378449, 0.33179374],\n",
       "       [0.334239  , 0.33370895, 0.33205205],\n",
       "       [0.33362884, 0.33345612, 0.33291503],\n",
       "       [0.33333333, 0.33333333, 0.33333333],\n",
       "       [0.33333333, 0.33333333, 0.33333333],\n",
       "       [0.33333333, 0.33333333, 0.33333333],\n",
       "       [0.33333333, 0.33333333, 0.33333333],\n",
       "       [0.33333333, 0.33333333, 0.33333333],\n",
       "       [0.33333333, 0.33333333, 0.33333333],\n",
       "       [0.33333333, 0.33333333, 0.33333333],\n",
       "       [0.33354623, 0.33280607, 0.3336477 ],\n",
       "       [0.33333333, 0.33333333, 0.33333333],\n",
       "       [0.333533  , 0.33341632, 0.33305067],\n",
       "       [0.33349141, 0.33294187, 0.33356672],\n",
       "       [0.33333333, 0.33333333, 0.33333333],\n",
       "       [0.33342797, 0.333099  , 0.33347303],\n",
       "       [0.33344953, 0.33304561, 0.33350487],\n",
       "       [0.33333333, 0.33333333, 0.33333333],\n",
       "       [0.3334597 , 0.3330204 , 0.33351989],\n",
       "       [0.33360038, 0.33267191, 0.33372771],\n",
       "       [0.33333333, 0.33333333, 0.33333333],\n",
       "       [0.33369602, 0.33243493, 0.33386905],\n",
       "       [0.33362915, 0.33260062, 0.33377022],\n",
       "       [0.3336656 , 0.33251031, 0.33382409],\n",
       "       [0.33408228, 0.33167289, 0.33424483],\n",
       "       [0.33390314, 0.3320079 , 0.33408897],\n",
       "       [0.33363021, 0.332598  , 0.33377178],\n",
       "       [0.33365767, 0.33252995, 0.33381237],\n",
       "       [0.33429453, 0.33127682, 0.33442865],\n",
       "       [0.33398259, 0.33184239, 0.33417502],\n",
       "       [0.33415144, 0.33152139, 0.33432718],\n",
       "       [0.33405698, 0.33169412, 0.3342489 ],\n",
       "       [0.33444179, 0.3310224 , 0.33453581],\n",
       "       [0.33433451, 0.33118017, 0.33448531],\n",
       "       [0.33426301, 0.33130116, 0.33443583],\n",
       "       [0.33458518, 0.3309552 , 0.33445962],\n",
       "       [0.33510598, 0.33119937, 0.33369464],\n",
       "       [0.33665507, 0.33355762, 0.32978731],\n",
       "       [0.33442668, 0.33099516, 0.33457816],\n",
       "       [0.33640434, 0.33257197, 0.33102369],\n",
       "       [0.33476455, 0.33085576, 0.33437969],\n",
       "       [0.33591784, 0.33166763, 0.33241453],\n",
       "       [0.33664987, 0.3329908 , 0.33035933],\n",
       "       [0.33652247, 0.33247181, 0.33100572],\n",
       "       [0.33690328, 0.33373436, 0.32936237],\n",
       "       [0.33686849, 0.33315419, 0.32997732],\n",
       "       [0.33670219, 0.33262597, 0.33067184],\n",
       "       [0.3369007 , 0.3330781 , 0.3300212 ],\n",
       "       [0.33452344, 0.33077336, 0.33470319],\n",
       "       [0.33675929, 0.33246384, 0.33077687],\n",
       "       [0.33701989, 0.33399042, 0.32898969],\n",
       "       [0.33653745, 0.33443078, 0.32903177],\n",
       "       [0.3366899 , 0.33437008, 0.32894002],\n",
       "       [0.33650469, 0.33450611, 0.32898919],\n",
       "       [0.33333333, 0.33333333, 0.33333333],\n",
       "       [0.33334104, 0.33333654, 0.33332242],\n",
       "       [0.33340072, 0.33330606, 0.33329322],\n",
       "       [0.33341976, 0.33336927, 0.33321097],\n",
       "       [0.33349288, 0.33334744, 0.33315968],\n",
       "       [0.33345399, 0.3333835 , 0.33316251],\n",
       "       [0.33341332, 0.33336659, 0.33322009],\n",
       "       [0.33354501, 0.33342131, 0.33303368],\n",
       "       [0.33361399, 0.33341449, 0.33297152],\n",
       "       [0.33362025, 0.33344174, 0.332938  ],\n",
       "       [0.33354131, 0.33341978, 0.33303891],\n",
       "       [0.33370732, 0.33345282, 0.33283986],\n",
       "       [0.33333333, 0.33333333, 0.33333333],\n",
       "       [0.33345121, 0.33338234, 0.33316644],\n",
       "       [0.33333333, 0.33333333, 0.33333333],\n",
       "       [0.33344306, 0.33337895, 0.33317799],\n",
       "       [0.33333333, 0.33333333, 0.33333333],\n",
       "       [0.33333333, 0.33333333, 0.33333333],\n",
       "       [0.33333333, 0.33333333, 0.33333333],\n",
       "       [0.33333333, 0.33333333, 0.33333333],\n",
       "       [0.33338897, 0.33319558, 0.33341545],\n",
       "       [0.33333333, 0.33333333, 0.33333333],\n",
       "       [0.33333333, 0.33333333, 0.33333333],\n",
       "       [0.33335228, 0.33328643, 0.33336129],\n",
       "       [0.33333333, 0.33333333, 0.33333333],\n",
       "       [0.33333333, 0.33333333, 0.33333333],\n",
       "       [0.33333333, 0.33333333, 0.33333333],\n",
       "       [0.33338547, 0.33320424, 0.33341029],\n",
       "       [0.33333333, 0.33333333, 0.33333333],\n",
       "       [0.33340083, 0.33316622, 0.33343296],\n",
       "       [0.33349859, 0.33292409, 0.33357732],\n",
       "       [0.33358174, 0.33275543, 0.33366283],\n",
       "       [0.33349474, 0.33293361, 0.33357164],\n",
       "       [0.33349905, 0.33292294, 0.33357801],\n",
       "       [0.33365821, 0.33259952, 0.33374227],\n",
       "       [0.33367424, 0.33256574, 0.33376002],\n",
       "       [0.33383068, 0.33228547, 0.33388385],\n",
       "       [0.33351913, 0.33287321, 0.33360766],\n",
       "       [0.33384036, 0.3322551 , 0.33390454],\n",
       "       [0.33365502, 0.33258862, 0.33375635],\n",
       "       [0.33399146, 0.33217603, 0.33383251],\n",
       "       [0.3337398 , 0.33242076, 0.33383943],\n",
       "       [0.33366909, 0.33255187, 0.33377904],\n",
       "       [0.3341988 , 0.33217366, 0.33362754],\n",
       "       [0.33456615, 0.33241431, 0.33301954],\n",
       "       [0.33461183, 0.33241109, 0.33297708],\n",
       "       [0.33397223, 0.33198952, 0.33403825],\n",
       "       [0.33472152, 0.33242609, 0.33285238],\n",
       "       [0.33516267, 0.33319027, 0.33164707],\n",
       "       [0.33495672, 0.33261643, 0.33242685],\n",
       "       [0.33489788, 0.33247246, 0.33262966],\n",
       "       [0.33512796, 0.33277325, 0.33209879],\n",
       "       [0.33531   , 0.33317094, 0.33151906],\n",
       "       [0.33544247, 0.33354596, 0.33101157],\n",
       "       [0.33548486, 0.33353925, 0.33097588],\n",
       "       [0.33521073, 0.33261881, 0.33217045],\n",
       "       [0.33437237, 0.33177341, 0.33385422],\n",
       "       [0.33552676, 0.33371973, 0.33075351],\n",
       "       [0.3351504 , 0.33233697, 0.33251264],\n",
       "       [0.33567343, 0.3333309 , 0.33099567],\n",
       "       [0.33544088, 0.33266527, 0.33189385],\n",
       "       [0.33500627, 0.3340255 , 0.33096823],\n",
       "       [0.33574876, 0.33322865, 0.33102259],\n",
       "       [0.33583589, 0.33360261, 0.3305615 ],\n",
       "       [0.33503227, 0.3340362 , 0.33093153],\n",
       "       [0.33495052, 0.33400255, 0.33104692],\n",
       "       [0.33597521, 0.33347794, 0.33054685],\n",
       "       [0.33600861, 0.33356087, 0.33043052],\n",
       "       [0.33434461, 0.33375261, 0.33190278],\n",
       "       [0.33343269, 0.33337464, 0.33319266],\n",
       "       [0.3340278 , 0.33362154, 0.33235066],\n",
       "       [0.33395032, 0.33358945, 0.33246022],\n",
       "       [0.33529283, 0.33414333, 0.33056384],\n",
       "       [0.33333333, 0.33333333, 0.33333333],\n",
       "       [0.33522744, 0.33411646, 0.33065609],\n",
       "       [0.33333333, 0.33333333, 0.33333333],\n",
       "       [0.33411778, 0.33365879, 0.33222342],\n",
       "       [0.33406777, 0.33363809, 0.33229413],\n",
       "       [0.33333333, 0.33333333, 0.33333333],\n",
       "       [0.33358644, 0.33343852, 0.33297504],\n",
       "       [0.33333333, 0.33333333, 0.33333333],\n",
       "       [0.33333898, 0.33331936, 0.33334166],\n",
       "       [0.33333333, 0.33333333, 0.33333333],\n",
       "       [0.33333333, 0.33333333, 0.33333333],\n",
       "       [0.33333333, 0.33333333, 0.33333333],\n",
       "       [0.33336433, 0.33325659, 0.33337908],\n",
       "       [0.33378054, 0.33222543, 0.33399403],\n",
       "       [0.33333333, 0.33333333, 0.33333333],\n",
       "       [0.33360829, 0.33265232, 0.33373939],\n",
       "       [0.33346581, 0.33300529, 0.33352891],\n",
       "       [0.33381389, 0.33214276, 0.33404335],\n",
       "       [0.33333333, 0.33333333, 0.33333333],\n",
       "       [0.33369417, 0.33243951, 0.33386632],\n",
       "       [0.33372257, 0.33236912, 0.33390831],\n",
       "       [0.33333333, 0.33333333, 0.33333333],\n",
       "       [0.33384263, 0.33207151, 0.33408586],\n",
       "       [0.33379807, 0.33218198, 0.33401995],\n",
       "       [0.33403332, 0.33167414, 0.33429253],\n",
       "       [0.3343429 , 0.33108079, 0.33457631],\n",
       "       [0.33378791, 0.33220717, 0.33400492],\n",
       "       [0.33333333, 0.33333333, 0.33333333],\n",
       "       [0.33334482, 0.33330817, 0.33334701],\n",
       "       [0.33339992, 0.33330475, 0.33329533],\n",
       "       [0.33337677, 0.33324381, 0.33337943],\n",
       "       [0.33336775, 0.33325423, 0.33337802],\n",
       "       [0.33347752, 0.3332332 , 0.33328928],\n",
       "       [0.33341561, 0.33315959, 0.3334248 ],\n",
       "       [0.3334275 , 0.33313347, 0.33343903],\n",
       "       [0.33344826, 0.33309493, 0.33345681],\n",
       "       [0.33353516, 0.33310377, 0.33336106],\n",
       "       [0.33361675, 0.33312789, 0.33325537],\n",
       "       [0.333456  , 0.33306331, 0.3334807 ],\n",
       "       [0.33368681, 0.33310098, 0.33321221],\n",
       "       [0.33382449, 0.33329003, 0.33288548],\n",
       "       [0.33371143, 0.33302755, 0.33326101],\n",
       "       [0.33392766, 0.33333342, 0.33273892],\n",
       "       [0.33390463, 0.33317718, 0.33291819],\n",
       "       [0.33378644, 0.33295652, 0.33325704],\n",
       "       [0.33401875, 0.33346583, 0.33251541],\n",
       "       [0.33399333, 0.33310906, 0.33289761],\n",
       "       [0.33408933, 0.33326685, 0.33264382],\n",
       "       [0.33415687, 0.3334505 , 0.33239263],\n",
       "       [0.33418981, 0.33346783, 0.33234236],\n",
       "       [0.33419795, 0.33351565, 0.3322864 ],\n",
       "       [0.33391179, 0.33357349, 0.33251472],\n",
       "       [0.33426896, 0.33353595, 0.33219509],\n",
       "       [0.33435991, 0.3333221 , 0.33231799],\n",
       "       [0.33432366, 0.33357187, 0.33210447],\n",
       "       [0.33434165, 0.33359677, 0.33206158],\n",
       "       [0.33443319, 0.33355185, 0.33201496],\n",
       "       [0.33435715, 0.33365597, 0.33198687],\n",
       "       [0.33417807, 0.33368374, 0.33213818],\n",
       "       [0.33333333, 0.33333333, 0.33333333],\n",
       "       [0.33458104, 0.33358638, 0.33183259],\n",
       "       [0.33435574, 0.33375721, 0.33188705],\n",
       "       [0.33333333, 0.33333333, 0.33333333],\n",
       "       [0.33333333, 0.33333333, 0.33333333],\n",
       "       [0.33333333, 0.33333333, 0.33333333],\n",
       "       [0.33333333, 0.33333333, 0.33333333],\n",
       "       [0.33333333, 0.33333333, 0.33333333],\n",
       "       [0.33333333, 0.33333333, 0.33333333],\n",
       "       [0.33333333, 0.33333333, 0.33333333],\n",
       "       [0.33333333, 0.33333333, 0.33333333],\n",
       "       [0.33356947, 0.33343147, 0.33299905],\n",
       "       [0.33333333, 0.33333333, 0.33333333],\n",
       "       [0.33333333, 0.33333333, 0.33333333],\n",
       "       [0.33333333, 0.33333333, 0.33333333],\n",
       "       [0.33333333, 0.33333333, 0.33333333],\n",
       "       [0.33333333, 0.33333333, 0.33333333],\n",
       "       [0.33352144, 0.33286747, 0.33361108],\n",
       "       [0.33333333, 0.33333333, 0.33333333],\n",
       "       [0.3336129 , 0.33264089, 0.33374621],\n",
       "       [0.33333333, 0.33333333, 0.33333333],\n",
       "       [0.33372133, 0.33241617, 0.3338625 ],\n",
       "       [0.33358468, 0.33271082, 0.3337045 ],\n",
       "       [0.33333333, 0.33333333, 0.33333333],\n",
       "       [0.33345719, 0.33302664, 0.33351618],\n",
       "       [0.33343002, 0.33309392, 0.33347606],\n",
       "       [0.33394732, 0.3319697 , 0.33408298],\n",
       "       [0.33368069, 0.33247752, 0.33384179],\n",
       "       [0.33367719, 0.33248159, 0.33384122],\n",
       "       [0.33380867, 0.33222201, 0.33396931],\n",
       "       [0.33365603, 0.33253402, 0.33380995],\n",
       "       [0.33401778, 0.3318198 , 0.33416242],\n",
       "       [0.33364566, 0.33255972, 0.33379462],\n",
       "       [0.3338046 , 0.33221735, 0.33397805],\n",
       "       [0.33463902, 0.33154076, 0.33382022],\n",
       "       [0.33406123, 0.33172371, 0.33421506],\n",
       "       [0.33369157, 0.33244596, 0.33386248],\n",
       "       [0.33467465, 0.33144573, 0.33387962],\n",
       "       [0.33442213, 0.33128065, 0.33429722],\n",
       "       [0.33400921, 0.3318056 , 0.33418519],\n",
       "       [0.33437206, 0.33118772, 0.33444022],\n",
       "       [0.33494213, 0.33145358, 0.33360428],\n",
       "       [0.33407761, 0.33166619, 0.3342562 ],\n",
       "       [0.33571486, 0.332085  , 0.33220013],\n",
       "       [0.33425214, 0.33133923, 0.33440863],\n",
       "       [0.33593265, 0.33228005, 0.33178731],\n",
       "       [0.33614425, 0.33261871, 0.33123704],\n",
       "       [0.33649552, 0.33347729, 0.33002719],\n",
       "       [0.33648497, 0.33326602, 0.33024901],\n",
       "       [0.33639043, 0.33395567, 0.3296539 ],\n",
       "       [0.33661619, 0.33349185, 0.32989196],\n",
       "       [0.33662679, 0.33369965, 0.32967357],\n",
       "       [0.33661958, 0.33381337, 0.32956705],\n",
       "       [0.33653631, 0.33399169, 0.329472  ],\n",
       "       [0.33579404, 0.33434893, 0.32985704],\n",
       "       [0.33624556, 0.33429671, 0.32945773],\n",
       "       [0.33651617, 0.33414236, 0.32934148],\n",
       "       [0.33646917, 0.33421615, 0.32931468],\n",
       "       [0.33690431, 0.33332269, 0.329773  ],\n",
       "       [0.33585669, 0.33437458, 0.32976873],\n",
       "       [0.33422389, 0.3337027 , 0.33207342],\n",
       "       [0.33703238, 0.33335152, 0.3296161 ],\n",
       "       [0.33412741, 0.33366278, 0.33220981],\n",
       "       [0.33558796, 0.33426447, 0.33014757],\n",
       "       [0.3357023 , 0.33431134, 0.32998636],\n",
       "       [0.33402554, 0.33362061, 0.33235385],\n",
       "       [0.3336168 , 0.33263123, 0.33375197],\n",
       "       [0.33333333, 0.33333333, 0.33333333]])"
      ]
     },
     "execution_count": 59,
     "metadata": {},
     "output_type": "execute_result"
    }
   ],
   "source": [
    "activation2.output"
   ]
  },
  {
   "cell_type": "code",
   "execution_count": null,
   "metadata": {},
   "outputs": [],
   "source": []
  }
 ],
 "metadata": {
  "kernelspec": {
   "display_name": "Python 3",
   "language": "python",
   "name": "python3"
  },
  "language_info": {
   "codemirror_mode": {
    "name": "ipython",
    "version": 3
   },
   "file_extension": ".py",
   "mimetype": "text/x-python",
   "name": "python",
   "nbconvert_exporter": "python",
   "pygments_lexer": "ipython3",
   "version": "3.7.6"
  }
 },
 "nbformat": 4,
 "nbformat_minor": 4
}
